用链式存储的方式实现的线性表称为链表。
链表又可以分为单链表，双链表，循环链表，静态链表。
节点：每个 存储数据元素的内存空间被称为一个节点。
单链表中，每个节点都包含数据域和指针域。
头结点（哨兵节点）始终位于任何节点之前。
不带头结点的单链表：初始化时不创建任何节点
不带头节点的单链表在编写基本操作的代码（插入、删除等）时更加繁琐，往往需要对第一个或者最后一个数据单独处理。
带头节点的单链表：在初始化时要优先头节点
头结点不存放任何实际元素数据
如果频繁地向单链表末尾插入新节点，可以考虑插入一个表尾指针。该转正在单链表为空的时候指向头结点。
在单链表非空时要注意保持其指向最后一个节点。
1 2 3 4 5 6 7
2 3 4 5 6 7 1
3 4 5 6 7 2 1 
4 5 6 7 3 2 1
5 6 7 4 3 2 1
6 7 5 4 3 2 1
7 6 5 4 3 2 1 

1 2 3 4 5 6 7 
7 2 3 4 5 6 1
7 6 3 4 5 2 1
7 6 5 4 3 2 1 

1 2 3 4 5 6 7
   2 1 3 4 5 6 7
          3 2 1 4 5 6 7 
                    4 3 2 1 5 6 7 
                                 5 4 3 2 1 6 7
                                                6 5 4 3 2 1 7
                                                                  7 6 5 4 3 2 1 
1 2 3 4 5 6 7
特点总结
扩容方便
插入和删除节点方便
链表比数组更适合插入，删除操作频繁的场景。
存放后继指针消耗额外内存空间。体现了利用空间换时间
对于内存紧张的硬件设备，需要考虑单链表是否合适
内存空间不连续所以无法随机访问链表中的元素。
代码书写测试建议
多通过画图来理清逻辑
链表为空的时候，测试代码能否正常工作。
链表只有一个元素时，测试代码工作情况。
分别测试处理链表第一个节点和最后一个节点能否正常工作。
设置端点对代码进行调试。